thetahat =

  Columns 1 through 10

    0.5135    0.5343    0.5162    0.5265    0.5195    0.5488    0.5433    0.5117    0.5124    0.5540
    0.0364    0.0373    0.0361    0.0364    0.0363    0.0384    0.0379    0.0360    0.0360    0.0392
    0.0074    0.0073    0.0074    0.0074    0.0074    0.0070    0.0071    0.0073    0.0076    0.0072
    0.1961    0.1906    0.1962    0.1932    0.1954    0.1850    0.1859    0.1971    0.1972    0.1846

  Columns 11 through 20

    0.5552    0.5641    0.5292    0.5161    0.5243    0.5322    0.5143    0.5105    0.5471    0.4991
    0.0392    0.0400    0.0373    0.0361    0.0369    0.0370    0.0364    0.0360    0.0381    0.0350
    0.0070    0.0072    0.0073    0.0075    0.0074    0.0073    0.0075    0.0072    0.0072    0.0077
    0.1825    0.1799    0.1915    0.1969    0.1928    0.1914    0.1974    0.1953    0.1863    0.2036

  Columns 21 through 30

    0.5237    0.5378    0.5145    0.5256    0.5418    0.5318    0.5278    0.5638    0.5513    0.5202
    0.0371    0.0376    0.0363    0.0369    0.0379    0.0373    0.0370    0.0390    0.0387    0.0363
    0.0073    0.0072    0.0075    0.0076    0.0072    0.0072    0.0073    0.0070    0.0070    0.0075
    0.1931    0.1890    0.1979    0.1936    0.1875    0.1904    0.1925    0.1805    0.1841    0.1953

  Columns 31 through 40

    0.5349    0.5221    0.5132    0.5110    0.5411    0.5216    0.5404    0.5245    0.5167    0.4981
    0.0376    0.0363    0.0361    0.0360    0.0380    0.0363    0.0379    0.0371    0.0366    0.0352
    0.0073    0.0074    0.0075    0.0075    0.0072    0.0074    0.0072    0.0073    0.0074    0.0077
    0.1895    0.1940    0.1986    0.1994    0.1877    0.1943    0.1882    0.1926    0.1949    0.2040

  Columns 41 through 50

    0.5269    0.5478    0.5427    0.5266    0.5368    0.5301    0.5276    0.5284    0.5407    0.5484
    0.0369    0.0380    0.0379    0.0372    0.0379    0.0368    0.0371    0.0370    0.0379    0.0382
    0.0074    0.0072    0.0072    0.0073    0.0074    0.0073    0.0074    0.0073    0.0072    0.0071
    0.1920    0.1857    0.1878    0.1922    0.1894    0.1917    0.1921    0.1907    0.1879    0.1852

  Columns 51 through 60

    0.5143    0.5465    0.5228    0.5120    0.5272    0.4440    0.5270    0.5793    0.5236    0.5356
    0.0368    0.0382    0.0364    0.0361    0.0367    0.0313    0.0369    0.0403    0.0366    0.0376
    0.0074    0.0072    0.0073    0.0075    0.0074    0.0078    0.0072    0.0069    0.0074    0.0073
    0.1961    0.1858    0.1932    0.1968    0.1939    0.2256    0.1918    0.1757    0.1945    0.1896

  Columns 61 through 70

    0.4575    0.5448    0.5226    0.5361    0.5348    0.4936    0.5301    0.5657    0.5222    0.5413
    0.0320    0.0380    0.0370    0.0377    0.0378    0.0345    0.0373    0.0400    0.0365    0.0382
    0.0078    0.0069    0.0073    0.0072    0.0073    0.0073    0.0073    0.0072    0.0075    0.0072
    0.2201    0.1844    0.1928    0.1890    0.1900    0.2027    0.1909    0.1799    0.1944    0.1875

  Columns 71 through 80

    0.4829    0.5032    0.5663    0.5214    0.5283    0.5059    0.5137    0.5394    0.5779    0.5249
    0.0339    0.0356    0.0399    0.0367    0.0369    0.0353    0.0362    0.0386    0.0407    0.0367
    0.0076    0.0076    0.0069    0.0074    0.0071    0.0075    0.0075    0.0069    0.0068    0.0072
    0.2084    0.2012    0.1790    0.1951    0.1901    0.2005    0.1970    0.1857    0.1757    0.1931

  Columns 81 through 90

    0.5411    0.5662    0.5340    0.5370    0.5537    0.5149    0.5348    0.5123    0.5257    0.5210
    0.0378    0.0393    0.0373    0.0379    0.0389    0.0363    0.0375    0.0360    0.0369    0.0364
    0.0072    0.0070    0.0071    0.0074    0.0071    0.0075    0.0072    0.0075    0.0073    0.0072
    0.1874    0.1815    0.1886    0.1896    0.1835    0.1972    0.1903    0.1972    0.1926    0.1926

  Columns 91 through 100

    0.5551    0.5447    0.5403    0.5205    0.4378    0.5194    0.5608    0.5481    0.4561    0.5071
    0.0389    0.0382    0.0377    0.0365    0.0309    0.0366    0.0393    0.0387    0.0324    0.0356
    0.0070    0.0072    0.0073    0.0074    0.0079    0.0074    0.0070    0.0071    0.0078    0.0076
    0.1826    0.1860    0.1892    0.1946    0.2287    0.1957    0.1804    0.1855    0.2194    0.2006

  Columns 101 through 110

    0.5231    0.5577    0.5237    0.5112    0.5513    0.5134    0.5640    0.5169    0.4517    0.5243
    0.0368    0.0388    0.0368    0.0361    0.0385    0.0361    0.0390    0.0362    0.0317    0.0370
    0.0073    0.0070    0.0074    0.0071    0.0071    0.0074    0.0070    0.0075    0.0078    0.0074
    0.1930    0.1822    0.1932    0.1949    0.1845    0.1970    0.1804    0.1969    0.2221    0.1943

  Columns 111 through 120

    0.5425    0.4979    0.5439    0.5844    0.5110    0.5153    0.5484    0.5100    0.5255    0.5577
    0.0384    0.0355    0.0381    0.0412    0.0360    0.0364    0.0383    0.0360    0.0370    0.0389
    0.0072    0.0073    0.0071    0.0068    0.0075    0.0075    0.0072    0.0075    0.0074    0.0071
    0.1874    0.2010    0.1861    0.1735    0.1985    0.1971    0.1851    0.1994    0.1931    0.1828

  Columns 121 through 130

    0.4413    0.5292    0.5190    0.5425    0.5368    0.5142    0.5097    0.5305    0.4492    0.4951
    0.0312    0.0369    0.0361    0.0377    0.0377    0.0361    0.0357    0.0372    0.0316    0.0352
    0.0079    0.0072    0.0075    0.0073    0.0072    0.0075    0.0073    0.0072    0.0078    0.0073
    0.2264    0.1906    0.1949    0.1881    0.1883    0.1971    0.1979    0.1904    0.2237    0.2011

  Columns 131 through 140

    0.5369    0.5027    0.5452    0.5065    0.5095    0.5215    0.4982    0.5773    0.5188    0.5171
    0.0381    0.0356    0.0381    0.0362    0.0359    0.0364    0.0350    0.0400    0.0361    0.0361
    0.0070    0.0075    0.0072    0.0077    0.0075    0.0074    0.0076    0.0069    0.0073    0.0075
    0.1867    0.2005    0.1865    0.2003    0.1985    0.1949    0.2036    0.1770    0.1940    0.1963

  Columns 141 through 150

    0.5270    0.5445    0.5185    0.5252    0.5107    0.5183    0.5348    0.5133    0.5156    0.5482
    0.0369    0.0377    0.0363    0.0369    0.0356    0.0359    0.0373    0.0362    0.0364    0.0383
    0.0074    0.0072    0.0075    0.0076    0.0076    0.0072    0.0073    0.0075    0.0072    0.0070
    0.1924    0.1874    0.1971    0.1942    0.1997    0.1943    0.1904    0.1963    0.1951    0.1832

  Columns 151 through 160

    0.5252    0.5118    0.5134    0.5731    0.5151    0.4523    0.5179    0.5073    0.5125    0.5617
    0.0369    0.0362    0.0361    0.0399    0.0360    0.0319    0.0367    0.0358    0.0361    0.0394
    0.0073    0.0075    0.0075    0.0069    0.0075    0.0078    0.0073    0.0075    0.0075    0.0070
    0.1928    0.1971    0.1974    0.1778    0.1970    0.2217    0.1948    0.1991    0.1975    0.1813

  Columns 161 through 170

    0.5525    0.5826    0.5229    0.5562    0.4547    0.5471    0.5366    0.5158    0.5478    0.5516
    0.0386    0.0409    0.0365    0.0388    0.0319    0.0382    0.0379    0.0358    0.0384    0.0388
    0.0070    0.0068    0.0074    0.0070    0.0078    0.0072    0.0072    0.0073    0.0070    0.0071
    0.1826    0.1743    0.1940    0.1827    0.2205    0.1852    0.1895    0.1953    0.1841    0.1843

  Columns 171 through 180

    0.5483    0.5103    0.5215    0.5325    0.5493    0.4545    0.5184    0.5448    0.5421    0.5201
    0.0388    0.0359    0.0369    0.0372    0.0384    0.0321    0.0361    0.0384    0.0378    0.0367
    0.0071    0.0075    0.0074    0.0072    0.0071    0.0077    0.0075    0.0070    0.0071    0.0075
    0.1855    0.1990    0.1955    0.1904    0.1850    0.2201    0.1962    0.1855    0.1883    0.1949

