N=600
thetahat =

  Columns 1 through 10

    0.6553    0.5485    0.4389    0.4793    0.4964    0.4481    0.5167    0.4639    0.5680    0.5011
    0.0063    0.0040    0.0032    0.0038    0.0040    0.0035    0.0039    0.0036    0.0042    0.0038
    0.0013    0.0008    0.0006    0.0009    0.0008    0.0007    0.0010    0.0008    0.0006    0.0007
    0.1682    0.1654    0.2402    0.2249    0.2054    0.2439    0.2028    0.2268    0.1591    0.2006

  Columns 11 through 20

    0.5985    0.4381    0.4922    0.5995    0.4559    0.4850    0.5311    0.5418    0.5406    0.5829
    0.0046    0.0041    0.0039    0.0043    0.0034    0.0036    0.0049    0.0040    0.0042    0.0044
    0.0008    0.0008    0.0008    0.0012    0.0009    0.0007    0.0018    0.0007    0.0009    0.0007
    0.1995    0.1808    0.1864    0.1639    0.2267    0.2271    0.2174    0.2161    0.1949    0.1598

  Columns 21 through 30

    0.5584    0.5918    0.7037    0.4283    0.6008    0.4593    0.5271    0.5878    0.4531    0.5266
    0.0043    0.0043    0.0051    0.0036    0.0044    0.0035    0.0039    0.0045    0.0039    0.0038
    0.0007    0.0006    0.0006    0.0009    0.0005    0.0012    0.0005    0.0008    0.0008    0.0008
    0.1803    0.1443    0.1589    0.2021    0.1834    0.2270    0.1593    0.2053    0.1867    0.1850

  Columns 31 through 40

    0.4875    0.3310    0.4141    0.4023    0.4186    0.3640    0.4329    0.4416    0.4512    0.4963
    0.0037    0.0027    0.0032    0.0032    0.0032    0.0028    0.0040    0.0041    0.0043    0.0038
    0.0006    0.0012    0.0010    0.0011    0.0009    0.0011    0.0008    0.0008    0.0015    0.0008
    0.1678    0.2723    0.2196    0.2127    0.2240    0.2680    0.1961    0.1807    0.2348    0.2090

  Columns 41 through 50

    0.6363    0.4777    0.4778    0.5197    0.5491    0.4626    0.4822    0.5675    0.5186    0.4267
    0.0048    0.0035    0.0039    0.0037    0.0041    0.0036    0.0037    0.0044    0.0039    0.0031
    0.0007    0.0007    0.0007    0.0008    0.0007    0.0010    0.0008    0.0006    0.0008    0.0010
    0.1444    0.2433    0.2126    0.1775    0.2225    0.2204    0.2130    0.1681    0.2150    0.2258

  Columns 51 through 60

    0.4474    0.3696    0.5984    0.6169    0.4479    0.5011    0.5450    0.4877    0.4665    0.4185
    0.0035    0.0028    0.0042    0.0047    0.0037    0.0038    0.0042    0.0037    0.0034    0.0042
    0.0010    0.0011    0.0009    0.0009    0.0009    0.0008    0.0007    0.0008    0.0009    0.0008
    0.1992    0.2354    0.1526    0.1792    0.2409    0.2008    0.1956    0.1989    0.2133    0.1888

  Columns 61 through 70

    0.3043    0.4640    0.5491    0.4556    0.4923    0.5113    0.5697    0.4256    0.5985    0.6026
    0.0022    0.0036    0.0044    0.0035    0.0037    0.0039    0.0042    0.0033    0.0043    0.0045
    0.0013    0.0009    0.0007    0.0009    0.0009    0.0008    0.0010    0.0003    0.0004    0.0006
    0.3205    0.2359    0.2108    0.2254    0.2051    0.1825    0.1724    0.2019    0.1336    0.1479

  Columns 71 through 80

    0.5373    0.6137    0.3026    0.5431    0.4789    0.4193    0.4441    0.4613    0.5725    0.5911
    0.0037    0.0045    0.0024    0.0039    0.0037    0.0032    0.0034    0.0031    0.0044    0.0041
    0.0007    0.0006    0.0011    0.0006    0.0007    0.0011    0.0010    0.0009    0.0010    0.0006
    0.2125    0.1562    0.3717    0.1826    0.2214    0.2511    0.2449    0.2001    0.1933    0.1940

  Columns 81 through 90

    0.4993    0.5259    0.4172    0.5944    0.4475    0.3089    0.5364    0.4684    0.4273    0.4719
    0.0038    0.0040    0.0033    0.0043    0.0034    0.0023    0.0040    0.0036    0.0033    0.0035
    0.0008    0.0009    0.0009    0.0005    0.0009    0.0012    0.0009    0.0009    0.0010    0.0008
    0.1839    0.2139    0.2206    0.2061    0.2090    0.3202    0.1916    0.2178    0.2419    0.2068

  Columns 91 through 100

    0.5100    0.5762    0.5014    0.5841    0.4673    0.4149    0.5064    0.4940    0.5046    0.4808
    0.0039    0.0041    0.0038    0.0043    0.0035    0.0031    0.0036    0.0040    0.0038    0.0036
    0.0010    0.0006    0.0008    0.0007    0.0009    0.0011    0.0010    0.0009    0.0008    0.0008
    0.2063    0.1924    0.1852    0.1567    0.2139    0.2652    0.1792    0.1879    0.1805    0.2103

  Columns 101 through 110

    0.4936    0.3733    0.4589    0.5165    0.4679    0.2433    0.5555    0.4898    0.5406    0.5932
    0.0038    0.0029    0.0035    0.0038    0.0034    0.0018    0.0043    0.0038    0.0039    0.0044
    0.0008    0.0011    0.0008    0.0008    0.0008    0.0013    0.0010    0.0008    0.0007    0.0009
    0.1948    0.2557    0.2442    0.1773    0.2267    0.3835    0.1687    0.2111    0.2306    0.1931

  Columns 111 through 120

    0.7084    0.4536    0.4908    0.6414    0.3892    0.4943    0.3370    0.3886    0.5160    0.6664
    0.0052    0.0034    0.0040    0.0048    0.0029    0.0038    0.0025    0.0038    0.0038    0.0049
    0.0004    0.0010    0.0008    0.0004    0.0011    0.0010    0.0013    0.0010    0.0007    0.0005
    0.1241    0.2220    0.1732    0.1433    0.2524    0.1850    0.2752    0.2210    0.1872    0.1384

  Columns 121 through 130

    0.5494    0.4884    0.5232    0.5587    0.3809    0.4306    0.4983    0.5290    0.4627    0.7066
    0.0043    0.0038    0.0040    0.0042    0.0029    0.0032    0.0038    0.0040    0.0038    0.0049
    0.0006    0.0006    0.0007    0.0006    0.0009    0.0011    0.0007    0.0009    0.0009    0.0001
    0.1774    0.1945    0.2163    0.1743    0.3244    0.2215    0.1983    0.1979    0.2227    0.1518

  Columns 131 through 140

    0.5261    0.4765    0.5453    0.4078    0.3991    0.5263    0.5694    0.6235    0.5028    0.4263
    0.0041    0.0036    0.0041    0.0030    0.0031    0.0039    0.0044    0.0044    0.0038    0.0031
    0.0010    0.0009    0.0006    0.0005    0.0010    0.0009    0.0002    0.0011    0.0008    0.0007
    0.2011    0.2129    0.1576    0.2393    0.2364    0.2028    0.1344    0.1618    0.1880    0.2767

  Columns 141 through 150

    0.7387    0.3611    0.6228    0.5250    0.5072    0.4729    0.2679    0.4564    0.5295    0.4523
    0.0055    0.0027    0.0049    0.0041    0.0037    0.0037    0.0021    0.0037    0.0040    0.0034
    0.0005    0.0007    0.0014    0.0006    0.0006    0.0009    0.0013    0.0008    0.0010    0.0009
    0.1206    0.2542    0.1856    0.2152    0.1839    0.2150    0.3523    0.1949    0.2171    0.2069

  Columns 151 through 160

    0.4872    0.5147    0.4838    0.5013    0.5056    0.3996    0.5201    0.4636    0.3941    0.5641
    0.0037    0.0039    0.0037    0.0036    0.0037    0.0030    0.0040    0.0035    0.0030    0.0042
    0.0009    0.0006    0.0008    0.0008    0.0008    0.0010    0.0009    0.0009    0.0010    0.0002
    0.1874    0.2178    0.2162    0.1891    0.2067    0.2502    0.2030    0.2194    0.2284    0.1342

  Columns 161 through 170

    0.4960    0.4976    0.4855    0.4673    0.5694    0.5026    0.4925    0.4376    0.4314    0.4886
    0.0038    0.0038    0.0035    0.0036    0.0042    0.0038    0.0038    0.0035    0.0033    0.0036
    0.0008    0.0008    0.0010    0.0008    0.0006    0.0008    0.0008    0.0009    0.0011    0.0008
    0.2100    0.1911    0.2123    0.2047    0.1598    0.1775    0.2149    0.2093    0.2001    0.2120

  Columns 171 through 180

    0.4814    0.5108    0.5012    0.5100    0.4856    0.5845    0.3876    0.5754    0.4956    0.3424
    0.0038    0.0038    0.0038    0.0036    0.0038    0.0045    0.0027    0.0044    0.0037    0.0024
    0.0008    0.0008    0.0009    0.0010    0.0008    0.0009    0.0004    0.0006    0.0008    0.0005
    0.2201    0.1863    0.2107    0.1907    0.1798    0.1833    0.2658    0.1579    0.1865    0.2921

